#' Advent of Code 2018 solutions
#' @export
aoc18_solutions <- list(
  day01a = 486,
  day01b = 69285,
  day02a = 7470,
  day02b = "kqzxdenujwcstybmgvyiofrrd",
  day03a = 116491,
  day03b = 707,
  day04a = 30630,
  day04b = 136571,
  day05a = 10804,
  day05b = 6650,
  day06a = 3401,
  day06b = 49327,
  day07a = "JNOIKSYABEQRUVWXGTZFDMHLPC",
  day07b = NA,
  day08a = 42501,
  day08b = 30857,
  day09a = 422748,
  day09b = NA,
  day10a = NA,
  day10b = NA,
  day11a = NA,
  day11b = NA,
  day12a = NA,
  day12b = NA,
  day13a = NA,
  day13b = NA,
  day14a = NA,
  day14b = NA,
  day15a = NA,
  day15b = NA,
  day16a = NA,
  day16b = NA,
  day17a = NA,
  day17b = NA,
  day18a = NA,
  day18b = NA,
  day19a = NA,
  day19b = NA,
  day20a = NA,
  day20b = NA,
  day21a = NA,
  day21b = NA,
  day22a = NA,
  day22b = NA,
  day23a = NA,
  day23b = NA,
  day24a = NA,
  day24b = NA,
  day25a = NA,
  day25b = NA)
