#' Advent of Code 2018 solutions
#' @export
aoc18_solutions <- list(
  day01a = 486,
  day01b = 69285,
  day02a = 7470,
  day02b = "kqzxdenujwcstybmgvyiofrrd",
  day03a = 116491,
  day03b = 707,
  day04a = 30630,
  day04b = 136571,
  day05a = 10804,
  day05b = 6650,
  day06a = 3401,
  day06b = 49327,
  day07a = NA,
  day07b = NA,
  day08a = NA,
  day08b = NA,
  day09a = NA,
  day09b = NA
)
