#' Advent of Code 2018 solutions
#' @export
aoc18_solutions <- list(
  day01a = 486,
  day01b = 69285)